{
 "cells": [
  {
   "cell_type": "code",
   "execution_count": 7,
   "id": "d08b48a4",
   "metadata": {},
   "outputs": [
    {
     "name": "stderr",
     "output_type": "stream",
     "text": [
      "[*********************100%***********************]  18 of 18 completed\n"
     ]
    }
   ],
   "source": [
    "import yfinance as yf\n",
    "import numpy as np\n",
    "from qiskit.result import QuasiDistribution\n",
    "from qiskit_aer.primitives import Sampler\n",
    "from qiskit_algorithms import QAOA\n",
    "from qiskit_algorithms.optimizers import COBYLA\n",
    "from qiskit_finance.applications.optimization import PortfolioOptimization\n",
    "from qiskit_optimization.algorithms import MinimumEigenOptimizer\n",
    "\n",
    "stocks = [\"RELIANCE.NS\", \"HDFCBANK.NS\", \"INFY.NS\", \"TCS.NS\", \"ICICIBANK.NS\", \n",
    "                   \"HINDUNILVR.NS\", \"KOTAKBANK.NS\", \"LT.NS\", \"SBIN.NS\", \"AXISBANK.NS\", \n",
    "                   \"BAJFINANCE.NS\", \"BHARTIARTL.NS\", \"MARUTI.NS\", \"SUNPHARMA.NS\", \n",
    "                   \"TITAN.NS\", \"ULTRACEMCO.NS\", \"TATASTEEL.NS\", \"ASIANPAINT.NS\", \n",
    "                   ]\n",
    "\n",
    "# Download historical stock data for 3 years\n",
    "df = yf.download(stocks, start=\"2021-01-01\", end=\"2024-01-01\")\n",
    "df = df['Close']\n",
    "\n",
    "# Step 2: Calculate Returns & Covariance Matrix\n",
    "returns = df.pct_change().dropna()\n",
    "expected_returns = returns.mean()\n",
    "cov_matrix = returns.cov()\n",
    "\n",
    "# Step 3: Construct QUBO Matrix\n",
    "assets = len(expected_returns)\n",
    "penalty = 1 / np.mean(abs(cov_matrix.values))  # Adjust for risk-return balance\n"
   ]
  },
  {
   "cell_type": "code",
   "execution_count": 8,
   "id": "d9083b65",
   "metadata": {},
   "outputs": [
    {
     "name": "stdout",
     "output_type": "stream",
     "text": [
      "[5.83678265e-04 3.82466985e-04 4.80228066e-04 4.90240308e-04\n",
      " 1.00856476e-03 2.89893828e-04 5.16866742e-05 1.51728721e-03\n",
      " 1.33380363e-03 9.13062507e-04 6.36177977e-04 1.08379832e-03\n",
      " 5.41478872e-04 1.14902010e-03 1.30495786e-03 1.06359204e-03\n",
      " 2.88345226e-03 4.19013952e-04]\n",
      "[[2.22596480e-04 7.81369430e-05 6.99376691e-05 5.78639285e-05\n",
      "  8.35737272e-05 4.01980767e-05 7.73487595e-05 7.88472515e-05\n",
      "  9.90143748e-05 8.52243026e-05 1.10816016e-04 6.37819789e-05\n",
      "  5.97595977e-05 4.05852519e-05 7.63820734e-05 7.33749421e-05\n",
      "  1.00301246e-04 4.99162481e-05]\n",
      " [7.81369430e-05 2.00683723e-04 6.88004136e-05 5.55732192e-05\n",
      "  1.20675017e-04 3.98975100e-05 1.17869029e-04 8.71171013e-05\n",
      "  1.12402253e-04 1.00214099e-04 1.19680307e-04 6.67055393e-05\n",
      "  6.44246709e-05 4.27358304e-05 7.18449209e-05 8.01685255e-05\n",
      "  5.57909735e-05 4.78851270e-05]\n",
      " [6.99376691e-05 6.88004136e-05 2.31265230e-04 1.38577454e-04\n",
      "  6.66238201e-05 4.80696993e-05 4.75061944e-05 8.53428421e-05\n",
      "  5.67929555e-05 5.45654253e-05 8.72513182e-05 5.50000036e-05\n",
      "  4.26158729e-05 5.16831260e-05 6.72991416e-05 6.65126903e-05\n",
      "  6.06732406e-05 6.34752501e-05]\n",
      " [5.78639285e-05 5.55732192e-05 1.38577454e-04 1.73871329e-04\n",
      "  4.75797643e-05 4.87200923e-05 3.87921199e-05 7.01558131e-05\n",
      "  4.88577831e-05 4.37548181e-05 7.10222950e-05 4.70284434e-05\n",
      "  4.23576719e-05 4.71687126e-05 6.30266321e-05 6.07736160e-05\n",
      "  4.58361312e-05 6.37939948e-05]\n",
      " [8.35737272e-05 1.20675017e-04 6.66238201e-05 4.75797643e-05\n",
      "  2.31111752e-04 3.59627065e-05 1.17680439e-04 1.03203192e-04\n",
      "  1.63857031e-04 1.64342146e-04 1.39694780e-04 7.47460215e-05\n",
      "  7.53203044e-05 4.53410514e-05 8.32837594e-05 9.55476605e-05\n",
      "  1.03919289e-04 5.48814123e-05]\n",
      " [4.01980767e-05 3.98975100e-05 4.80696993e-05 4.87200923e-05\n",
      "  3.59627065e-05 1.64585138e-04 4.81903265e-05 3.56516413e-05\n",
      "  3.02806416e-05 4.35493101e-05 6.24914323e-05 2.82302243e-05\n",
      "  5.61360656e-05 3.90377784e-05 5.96331375e-05 5.10866031e-05\n",
      "  1.57840743e-05 8.01247919e-05]\n",
      " [7.73487595e-05 1.17869029e-04 4.75061944e-05 3.87921199e-05\n",
      "  1.17680439e-04 4.81903265e-05 2.17675621e-04 7.71756438e-05\n",
      "  1.17953854e-04 1.07425623e-04 1.26480502e-04 6.16085883e-05\n",
      "  7.51711740e-05 5.30304542e-05 8.04483347e-05 7.68699996e-05\n",
      "  2.59435712e-05 5.19872444e-05]\n",
      " [7.88472515e-05 8.71171013e-05 8.53428421e-05 7.01558131e-05\n",
      "  1.03203192e-04 3.56516413e-05 7.71756438e-05 2.17279557e-04\n",
      "  1.10928542e-04 9.59266336e-05 1.11029238e-04 7.18793288e-05\n",
      "  7.82280829e-05 6.21338687e-05 9.43915767e-05 9.17118885e-05\n",
      "  9.37938126e-05 6.51955779e-05]\n",
      " [9.90143748e-05 1.12402253e-04 5.67929555e-05 4.88577831e-05\n",
      "  1.63857031e-04 3.02806416e-05 1.17953854e-04 1.10928542e-04\n",
      "  3.01102545e-04 1.67443434e-04 1.58685371e-04 7.77475627e-05\n",
      "  9.46214490e-05 5.13950049e-05 9.35807411e-05 1.07437797e-04\n",
      "  1.33078919e-04 4.76780238e-05]\n",
      " [8.52243026e-05 1.00214099e-04 5.45654253e-05 4.37548181e-05\n",
      "  1.64342146e-04 4.35493101e-05 1.07425623e-04 9.59266336e-05\n",
      "  1.67443434e-04 2.77933849e-04 1.33299613e-04 7.39406049e-05\n",
      "  8.32433416e-05 3.59695576e-05 8.61765163e-05 8.47284357e-05\n",
      "  8.28744894e-05 4.08945310e-05]\n",
      " [1.10816016e-04 1.19680307e-04 8.72513182e-05 7.10222950e-05\n",
      "  1.39694780e-04 6.24914323e-05 1.26480502e-04 1.11029238e-04\n",
      "  1.58685371e-04 1.33299613e-04 3.62670714e-04 8.26136251e-05\n",
      "  9.35994908e-05 6.14105697e-05 1.22855710e-04 1.10649378e-04\n",
      "  8.52241853e-05 8.77033787e-05]\n",
      " [6.37819789e-05 6.67055393e-05 5.50000036e-05 4.70284434e-05\n",
      "  7.47460215e-05 2.82302243e-05 6.16085883e-05 7.18793288e-05\n",
      "  7.77475627e-05 7.39406049e-05 8.26136251e-05 2.14641152e-04\n",
      "  6.39908605e-05 4.31555229e-05 5.68097386e-05 5.73114946e-05\n",
      "  3.47130927e-05 4.03183571e-05]\n",
      " [5.97595977e-05 6.44246709e-05 4.26158729e-05 4.23576719e-05\n",
      "  7.53203044e-05 5.61360656e-05 7.51711740e-05 7.82280829e-05\n",
      "  9.46214490e-05 8.32433416e-05 9.35994908e-05 6.39908605e-05\n",
      "  2.33464062e-04 4.07985662e-05 8.50343594e-05 7.44043774e-05\n",
      "  4.85707939e-05 6.94119812e-05]\n",
      " [4.05852519e-05 4.27358304e-05 5.16831260e-05 4.71687126e-05\n",
      "  4.53410514e-05 3.90377784e-05 5.30304542e-05 6.21338687e-05\n",
      "  5.13950049e-05 3.59695576e-05 6.14105697e-05 4.31555229e-05\n",
      "  4.07985662e-05 1.87355595e-04 6.34932511e-05 5.10862948e-05\n",
      "  7.50378444e-05 3.70622058e-05]\n",
      " [7.63820734e-05 7.18449209e-05 6.72991416e-05 6.30266321e-05\n",
      "  8.32837594e-05 5.96331375e-05 8.04483347e-05 9.43915767e-05\n",
      "  9.35807411e-05 8.61765163e-05 1.22855710e-04 5.68097386e-05\n",
      "  8.50343594e-05 6.34932511e-05 2.58020183e-04 8.88988494e-05\n",
      "  7.08049121e-05 8.88744668e-05]\n",
      " [7.33749421e-05 8.01685255e-05 6.65126903e-05 6.07736160e-05\n",
      "  9.55476605e-05 5.10866031e-05 7.68699996e-05 9.17118885e-05\n",
      "  1.07437797e-04 8.47284357e-05 1.10649378e-04 5.73114946e-05\n",
      "  7.44043774e-05 5.10862948e-05 8.88988494e-05 2.32770238e-04\n",
      "  7.05991886e-05 8.26481966e-05]\n",
      " [1.00301246e-04 5.57909735e-05 6.06732406e-05 4.58361312e-05\n",
      "  1.03919289e-04 1.57840743e-05 2.59435712e-05 9.37938126e-05\n",
      "  1.33078919e-04 8.28744894e-05 8.52241853e-05 3.47130927e-05\n",
      "  4.85707939e-05 7.50378444e-05 7.08049121e-05 7.05991886e-05\n",
      "  1.85790078e-03 2.19016710e-05]\n",
      " [4.99162481e-05 4.78851270e-05 6.34752501e-05 6.37939948e-05\n",
      "  5.48814123e-05 8.01247919e-05 5.19872444e-05 6.51955779e-05\n",
      "  4.76780238e-05 4.08945310e-05 8.77033787e-05 4.03183571e-05\n",
      "  6.94119812e-05 3.70622058e-05 8.88744668e-05 8.26481966e-05\n",
      "  2.19016710e-05 2.29118505e-04]]\n"
     ]
    }
   ],
   "source": [
    "tickers = [\"RELIANCE.NS\", \"HDFCBANK.NS\", \"INFY.NS\", \"TCS.NS\", \"ICICIBANK.NS\", \n",
    "                   \"HINDUNILVR.NS\", \"KOTAKBANK.NS\", \"LT.NS\", \"SBIN.NS\", \"AXISBANK.NS\", \n",
    "                   \"BAJFINANCE.NS\", \"BHARTIARTL.NS\", \"MARUTI.NS\", \"SUNPHARMA.NS\", \n",
    "                   \"TITAN.NS\", \"ULTRACEMCO.NS\", \"TATASTEEL.NS\", \"ASIANPAINT.NS\", \n",
    "                   ]\n",
    "expected_returns = expected_returns[tickers].values\n",
    "cov_matrix = cov_matrix.loc[tickers, tickers].values\n",
    "\n",
    "print(expected_returns)\n",
    "print(cov_matrix)"
   ]
  },
  {
   "cell_type": "code",
   "execution_count": 16,
   "id": "4d461e12",
   "metadata": {},
   "outputs": [],
   "source": [
    "# q = 0.5  # set risk factor\n",
    "budget = assets  # set budget\n",
    "\n",
    "portfolio = PortfolioOptimization(\n",
    "    expected_returns=expected_returns, covariances=cov_matrix, risk_factor=0.2, budget=budget\n",
    ")\n",
    "qp = portfolio.to_quadratic_program()"
   ]
  },
  {
   "cell_type": "code",
   "execution_count": 17,
   "id": "c1998ef7",
   "metadata": {},
   "outputs": [],
   "source": [
    "def print_result(result):\n",
    "    selection = result.x\n",
    "    value = result.fval\n",
    "    print(\"Optimal: selection {}, value {:.4f}\".format(selection, value))\n",
    "\n",
    "    eigenstate = result.min_eigen_solver_result.eigenstate\n",
    "    probabilities = (\n",
    "        eigenstate.binary_probabilities()\n",
    "        if isinstance(eigenstate, QuasiDistribution)\n",
    "        else {k: np.abs(v) ** 2 for k, v in eigenstate.to_dict().items()}\n",
    "    )\n",
    "    print(\"\\n----------------- Full result ---------------------\")\n",
    "    print(\"selection\\tvalue\\t\\tprobability\")\n",
    "    print(\"---------------------------------------------------\")\n",
    "    probabilities = sorted(probabilities.items(), key=lambda x: x[1], reverse=True)\n",
    "\n",
    "    for k, v in probabilities:\n",
    "        x = np.array([int(i) for i in list(reversed(k))])\n",
    "        value = portfolio.to_quadratic_program().objective.evaluate(x)\n",
    "        print(\"%10s\\t%.4f\\t\\t%.4f\" % (x, value, v))"
   ]
  },
  {
   "cell_type": "code",
   "execution_count": 18,
   "id": "dabd06f8",
   "metadata": {},
   "outputs": [
    {
     "name": "stdout",
     "output_type": "stream",
     "text": [
      "fval=-0.010478885950076428, x_0=1.0, x_1=1.0, x_2=1.0, x_3=1.0, x_4=1.0, x_5=1.0, x_6=1.0, x_7=1.0, x_8=1.0, x_9=1.0, x_10=1.0, x_11=1.0, x_12=1.0, x_13=1.0, x_14=1.0, x_15=1.0, x_16=1.0, x_17=1.0, status=SUCCESS\n",
      "Optimal Portfolio Selection: [1. 1. 1. 1. 1. 1. 1. 1. 1. 1. 1. 1. 1. 1. 1. 1. 1. 1.]\n",
      "Optimal Portfolio Value: -0.010478885950076428\n",
      "\n",
      "\n",
      "\n",
      "Optimal: selection [1. 1. 1. 1. 1. 1. 1. 1. 1. 1. 1. 1. 1. 1. 1. 1. 1. 1.], value -0.0105\n",
      "\n",
      "----------------- Full result ---------------------\n",
      "selection\tvalue\t\tprobability\n",
      "---------------------------------------------------\n",
      "[1 1 1 1 1 1 1 1 1 1 1 1 1 1 1 1 1 1]\t-0.0105\t\t0.2002\n",
      "[0 1 1 1 1 1 1 1 1 1 1 1 1 1 1 1 1 1]\t-0.0104\t\t0.0049\n",
      "[1 1 1 1 1 1 1 1 1 1 0 1 1 1 1 1 1 1]\t-0.0106\t\t0.0039\n",
      "[1 1 0 1 1 0 1 1 1 1 1 1 1 1 0 1 1 1]\t-0.0098\t\t0.0039\n",
      "[1 1 0 1 1 1 1 1 1 1 1 1 1 1 1 1 1 1]\t-0.0105\t\t0.0039\n",
      "[0 0 0 0 0 0 0 0 0 0 0 0 0 0 0 0 0 0]\t0.0000\t\t0.0029\n",
      "[1 1 1 1 1 1 1 0 0 1 1 1 1 0 1 1 1 1]\t-0.0081\t\t0.0029\n",
      "[1 1 1 1 1 1 1 0 0 1 0 1 1 1 1 1 1 1]\t-0.0090\t\t0.0029\n",
      "[1 1 1 0 1 1 1 1 1 1 1 1 1 1 1 1 1 1]\t-0.0104\t\t0.0029\n",
      "[1 0 1 1 1 1 1 1 1 1 1 1 1 1 1 1 1 1]\t-0.0107\t\t0.0029\n",
      "[1 1 1 1 1 1 1 1 1 1 1 1 1 1 1 1 0 1]\t-0.0084\t\t0.0029\n",
      "[1 1 1 1 1 1 1 0 1 1 0 1 0 1 1 1 1 1]\t-0.0096\t\t0.0020\n",
      "[1 1 0 1 0 1 1 1 1 1 1 0 1 1 1 1 1 1]\t-0.0094\t\t0.0020\n",
      "[0 1 1 1 1 1 0 1 1 1 1 1 1 1 1 0 1 1]\t-0.0104\t\t0.0020\n",
      "[1 1 1 0 1 0 1 1 1 1 1 1 1 1 0 1 1 1]\t-0.0097\t\t0.0020\n",
      "[1 1 1 1 1 0 0 1 1 1 1 1 1 1 1 1 1 0]\t-0.0110\t\t0.0020\n",
      "[1 1 1 1 1 1 1 1 1 1 0 1 0 1 1 1 0 1]\t-0.0084\t\t0.0020\n",
      "[1 1 0 1 1 1 0 1 1 1 0 1 1 1 1 1 1 1]\t-0.0110\t\t0.0020\n",
      "[1 1 1 1 1 1 1 1 1 0 1 1 1 0 1 1 1 0]\t-0.0094\t\t0.0020\n",
      "[1 1 1 1 0 1 1 1 1 1 1 1 1 1 1 1 1 1]\t-0.0101\t\t0.0020\n",
      "[1 1 1 1 1 0 1 1 0 1 1 1 1 1 1 1 1 0]\t-0.0099\t\t0.0020\n",
      "[1 1 1 1 1 1 1 1 0 1 1 1 1 1 1 1 1 1]\t-0.0099\t\t0.0020\n",
      "[1 1 1 1 1 1 1 1 0 1 1 0 1 0 1 1 1 1]\t-0.0084\t\t0.0020\n",
      "[1 1 1 1 1 1 1 0 1 1 1 1 1 1 1 1 0 0]\t-0.0075\t\t0.0020\n",
      "[1 0 1 1 1 1 1 1 0 1 1 1 1 1 1 0 1 1]\t-0.0095\t\t0.0020\n",
      "[1 1 1 1 1 1 0 1 0 1 0 1 0 1 1 1 1 1]\t-0.0102\t\t0.0020\n",
      "[1 1 1 1 1 1 1 1 1 0 1 0 1 1 1 1 0 1]\t-0.0074\t\t0.0020\n",
      "[1 0 1 1 1 1 1 1 1 1 0 1 1 1 0 1 1 1]\t-0.0100\t\t0.0020\n",
      "[1 1 1 1 1 0 1 1 1 1 1 1 1 0 1 1 0 1]\t-0.0076\t\t0.0020\n",
      "[1 1 1 1 1 1 1 1 1 1 1 0 0 0 1 1 1 1]\t-0.0090\t\t0.0020\n",
      "[1 1 1 1 1 1 1 1 0 0 0 1 0 1 0 1 1 1]\t-0.0086\t\t0.0020\n",
      "[1 0 1 1 1 1 1 1 1 1 1 1 1 0 0 1 1 1]\t-0.0091\t\t0.0020\n",
      "[1 1 1 0 1 1 1 1 1 1 1 1 1 1 1 1 0 0]\t-0.0083\t\t0.0020\n",
      "[1 1 1 1 0 1 0 1 1 1 1 1 1 0 1 1 1 1]\t-0.0098\t\t0.0020\n",
      "[1 1 0 1 1 1 1 1 1 0 1 1 1 1 1 0 1 1]\t-0.0097\t\t0.0020\n",
      "[1 1 1 1 1 1 1 0 1 1 1 1 1 1 1 1 1 1]\t-0.0096\t\t0.0020\n",
      "[1 1 1 1 1 0 1 1 1 1 1 1 0 1 1 1 0 1]\t-0.0084\t\t0.0020\n",
      "[1 1 1 1 1 1 1 1 1 1 1 1 1 1 1 1 1 0]\t-0.0105\t\t0.0020\n",
      "[1 1 1 1 1 1 0 1 1 1 1 1 1 1 1 1 1 1]\t-0.0110\t\t0.0020\n",
      "[1 0 0 1 1 1 1 0 1 1 1 1 1 1 1 1 1 1]\t-0.0097\t\t0.0020\n",
      "[1 1 0 1 1 1 1 1 1 0 0 1 1 1 1 1 1 1]\t-0.0103\t\t0.0020\n",
      "[1 1 1 1 1 0 1 1 1 1 0 0 1 1 1 1 1 1]\t-0.0100\t\t0.0020\n",
      "[1 1 1 1 0 1 1 1 1 1 0 1 1 1 1 1 0 1]\t-0.0081\t\t0.0020\n",
      "[1 1 0 1 1 1 1 1 1 0 1 1 1 1 1 1 0 1]\t-0.0081\t\t0.0020\n",
      "[1 1 1 1 1 0 1 1 1 1 1 1 1 1 1 1 1 1]\t-0.0105\t\t0.0020\n",
      "[1 1 0 1 0 1 1 0 1 1 1 1 1 1 1 1 1 1]\t-0.0092\t\t0.0020\n",
      "[1 1 1 1 1 1 0 1 1 0 1 1 1 1 1 1 0 0]\t-0.0086\t\t0.0020\n",
      "[1 1 1 1 1 1 1 1 1 0 0 1 0 1 1 1 1 1]\t-0.0102\t\t0.0020\n",
      "[1 1 1 1 0 1 1 1 1 0 1 1 1 1 1 0 1 1]\t-0.0093\t\t0.0020\n",
      "[1 1 1 1 0 1 1 1 0 0 1 1 1 1 1 1 1 1]\t-0.0091\t\t0.0010\n",
      "[1 1 1 0 1 1 0 1 0 0 1 0 1 1 1 0 1 1]\t-0.0085\t\t0.0010\n",
      "[1 1 1 1 0 1 0 0 1 1 0 1 1 1 1 1 1 1]\t-0.0096\t\t0.0010\n",
      "[1 0 0 1 1 1 1 1 1 1 1 1 1 1 1 0 1 1]\t-0.0101\t\t0.0010\n",
      "[0 1 1 1 1 0 0 1 0 0 1 1 0 0 1 1 1 1]\t-0.0087\t\t0.0010\n",
      "[1 1 1 1 1 1 1 1 1 1 1 1 1 0 0 0 0 1]\t-0.0063\t\t0.0010\n",
      "[0 1 0 0 1 1 1 1 1 0 1 0 0 0 1 1 1 1]\t-0.0082\t\t0.0010\n",
      "[0 0 0 0 0 0 0 0 1 0 0 1 0 0 0 0 0 1]\t-0.0026\t\t0.0010\n",
      "[0 0 0 0 0 0 0 0 1 1 0 0 0 1 0 0 0 0]\t-0.0031\t\t0.0010\n",
      "[1 0 1 1 1 0 1 1 0 0 0 1 1 1 1 0 1 0]\t-0.0088\t\t0.0010\n",
      "[1 0 1 1 1 1 1 1 1 1 1 1 1 1 0 1 0 1]\t-0.0078\t\t0.0010\n",
      "[1 1 1 0 1 1 1 0 1 1 1 0 1 1 1 1 0 0]\t-0.0066\t\t0.0010\n",
      "[1 1 1 0 0 1 1 1 1 0 1 1 1 1 1 1 1 1]\t-0.0097\t\t0.0010\n",
      "[1 1 0 1 1 0 1 1 1 0 0 1 1 1 1 0 1 1]\t-0.0096\t\t0.0010\n",
      "[1 1 1 0 1 0 1 1 1 0 1 1 1 1 1 0 1 1]\t-0.0096\t\t0.0010\n",
      "[1 1 1 1 0 0 1 0 1 0 1 1 0 0 0 1 1 1]\t-0.0069\t\t0.0010\n",
      "[0 1 0 1 1 1 1 0 1 0 0 1 0 1 1 1 1 1]\t-0.0089\t\t0.0010\n",
      "[0 0 0 1 0 0 1 1 0 0 1 0 0 0 0 0 0 0]\t-0.0023\t\t0.0010\n",
      "[1 0 0 0 1 0 1 1 1 1 1 0 1 1 1 0 1 0]\t-0.0091\t\t0.0010\n",
      "[1 1 1 0 1 1 0 1 1 0 0 1 1 0 1 1 0 1]\t-0.0076\t\t0.0010\n",
      "[1 0 0 0 1 1 0 0 1 1 1 1 1 0 1 0 1 1]\t-0.0084\t\t0.0010\n",
      "[1 1 0 1 1 1 1 0 1 0 1 1 1 1 1 1 1 1]\t-0.0092\t\t0.0010\n",
      "[1 0 0 0 1 1 0 1 1 1 1 1 0 0 0 1 0 1]\t-0.0069\t\t0.0010\n",
      "[1 1 1 1 1 0 0 1 0 1 1 1 1 0 1 1 1 1]\t-0.0095\t\t0.0010\n",
      "[1 0 1 0 1 1 1 1 1 1 1 1 1 1 1 0 1 1]\t-0.0100\t\t0.0010\n",
      "[1 1 1 1 1 1 1 1 0 1 0 1 1 1 1 0 1 1]\t-0.0094\t\t0.0010\n",
      "[1 0 1 1 1 1 1 1 1 1 0 1 1 1 1 1 1 0]\t-0.0107\t\t0.0010\n",
      "[1 1 1 0 1 1 0 0 1 0 1 1 1 0 1 1 1 0]\t-0.0087\t\t0.0010\n",
      "[0 1 1 1 1 1 1 1 1 1 1 0 1 1 1 1 1 0]\t-0.0098\t\t0.0010\n",
      "[0 1 1 1 0 1 1 1 1 1 1 1 1 1 1 1 1 0]\t-0.0101\t\t0.0010\n",
      "[1 0 0 0 0 1 1 1 1 1 1 0 0 1 1 1 1 0]\t-0.0091\t\t0.0010\n",
      "[1 1 1 1 0 1 0 1 1 1 0 1 0 1 1 1 1 0]\t-0.0104\t\t0.0010\n",
      "[1 0 0 0 0 1 1 0 1 1 1 0 1 1 0 1 1 1]\t-0.0074\t\t0.0010\n",
      "[0 1 1 1 1 1 1 1 1 1 0 1 1 0 0 1 1 1]\t-0.0089\t\t0.0010\n",
      "[1 0 1 1 1 0 1 1 1 1 1 0 0 0 0 1 0 1]\t-0.0060\t\t0.0010\n",
      "[1 1 1 1 1 0 0 1 1 1 0 0 1 0 1 0 1 1]\t-0.0089\t\t0.0010\n",
      "[1 0 0 1 1 0 0 1 0 0 1 1 1 0 1 1 1 1]\t-0.0090\t\t0.0010\n",
      "[0 1 1 1 1 0 1 0 1 0 0 0 0 1 1 1 1 1]\t-0.0082\t\t0.0010\n",
      "[0 1 1 1 1 1 0 1 0 1 1 1 1 1 1 1 1 1]\t-0.0102\t\t0.0010\n",
      "[0 0 1 1 1 1 1 1 1 1 1 1 0 1 1 1 1 1]\t-0.0105\t\t0.0010\n",
      "[1 0 1 1 0 1 1 1 0 1 1 1 1 1 1 1 1 1]\t-0.0096\t\t0.0010\n",
      "[1 1 0 0 1 1 0 1 0 1 1 1 1 1 0 1 1 0]\t-0.0092\t\t0.0010\n",
      "[0 1 0 1 1 0 1 1 1 0 0 1 1 0 1 1 1 1]\t-0.0092\t\t0.0010\n",
      "[1 0 1 1 0 1 1 1 1 1 1 1 1 1 1 0 1 1]\t-0.0097\t\t0.0010\n",
      "[0 0 0 0 1 0 0 0 0 0 0 0 1 0 0 0 1 1]\t-0.0042\t\t0.0010\n",
      "[1 0 1 1 1 1 1 1 1 0 1 1 0 1 1 0 1 1]\t-0.0097\t\t0.0010\n",
      "[0 1 1 0 1 1 1 1 1 1 0 0 1 1 1 1 0 1]\t-0.0075\t\t0.0010\n",
      "[0 0 0 0 0 0 0 1 0 0 0 0 0 0 0 0 1 1]\t-0.0043\t\t0.0010\n",
      "[1 0 1 0 1 0 1 1 1 1 0 0 0 1 1 0 1 1]\t-0.0091\t\t0.0010\n",
      "[1 0 0 1 1 0 1 1 1 1 1 1 0 1 1 0 1 1]\t-0.0100\t\t0.0010\n",
      "[0 1 1 0 0 0 0 1 1 0 1 1 0 1 1 1 1 1]\t-0.0097\t\t0.0010\n",
      "[1 1 1 1 1 0 1 1 1 0 1 0 0 1 1 1 0 1]\t-0.0073\t\t0.0010\n",
      "[1 1 0 1 1 0 0 1 1 1 1 1 1 1 1 1 1 1]\t-0.0110\t\t0.0010\n",
      "[1 0 0 1 1 0 0 0 0 0 0 0 0 1 0 0 0 0]\t-0.0029\t\t0.0010\n",
      "[1 0 0 1 1 1 0 1 1 1 1 1 1 1 0 0 0 0]\t-0.0074\t\t0.0010\n",
      "[1 1 1 1 1 1 0 1 1 1 0 1 1 1 0 1 0 1]\t-0.0082\t\t0.0010\n",
      "[0 1 0 1 1 1 0 1 1 1 1 1 1 1 1 1 1 1]\t-0.0109\t\t0.0010\n",
      "[1 1 1 0 1 0 1 1 0 1 0 1 0 1 0 1 1 0]\t-0.0087\t\t0.0010\n",
      "[1 1 1 1 1 1 0 1 1 1 0 1 1 0 1 1 0 0]\t-0.0081\t\t0.0010\n",
      "[1 0 0 1 0 0 0 0 0 0 0 1 0 0 0 0 1 0]\t-0.0044\t\t0.0010\n",
      "[1 0 0 1 0 0 1 1 1 1 0 0 1 1 1 1 1 0]\t-0.0093\t\t0.0010\n",
      "[1 1 1 1 0 1 0 0 1 1 0 1 1 1 0 0 1 1]\t-0.0081\t\t0.0010\n",
      "[0 0 0 1 1 1 0 1 0 1 0 1 1 0 0 0 0 0]\t-0.0050\t\t0.0010\n",
      "[0 0 0 1 1 1 1 1 1 1 0 1 1 0 1 1 0 0]\t-0.0074\t\t0.0010\n",
      "[0 0 1 1 1 0 1 1 0 0 1 1 0 1 1 1 1 0]\t-0.0092\t\t0.0010\n",
      "[0 1 1 1 1 0 1 0 0 1 1 1 1 0 1 1 0 1]\t-0.0057\t\t0.0010\n",
      "[1 1 0 1 1 1 1 0 1 0 1 1 1 0 0 1 1 0]\t-0.0075\t\t0.0010\n",
      "[1 1 1 0 0 0 1 0 1 1 1 1 0 1 1 1 1 1]\t-0.0090\t\t0.0010\n",
      "[1 1 1 0 0 1 1 1 1 1 1 0 1 0 1 1 1 1]\t-0.0085\t\t0.0010\n",
      "[1 0 1 1 0 1 1 1 1 1 0 1 1 1 1 1 1 1]\t-0.0103\t\t0.0010\n",
      "[1 0 1 0 0 0 1 1 1 1 0 0 1 1 1 1 1 0]\t-0.0093\t\t0.0010\n",
      "[1 1 1 1 0 1 1 1 1 1 0 1 1 1 0 1 1 1]\t-0.0094\t\t0.0010\n",
      "[0 1 0 1 1 1 0 1 0 1 0 1 0 1 0 1 1 1]\t-0.0090\t\t0.0010\n",
      "[1 1 1 1 1 1 0 1 1 1 1 1 1 1 0 0 1 0]\t-0.0096\t\t0.0010\n",
      "[1 1 1 0 1 0 1 1 1 1 1 1 1 0 1 1 1 1]\t-0.0096\t\t0.0010\n",
      "[1 1 1 1 1 1 0 1 0 1 0 0 1 1 1 1 0 1]\t-0.0075\t\t0.0010\n",
      "[1 0 0 0 0 1 1 1 0 0 0 0 0 1 0 0 0 0]\t-0.0032\t\t0.0010\n",
      "[1 1 1 0 1 1 0 1 0 0 0 0 1 0 1 1 1 1]\t-0.0081\t\t0.0010\n",
      "[1 0 1 1 1 0 1 0 0 0 1 1 1 0 1 1 0 0]\t-0.0054\t\t0.0010\n",
      "[1 0 0 1 1 0 0 0 0 0 0 1 0 0 0 0 0 0]\t-0.0028\t\t0.0010\n",
      "[0 1 0 0 1 1 1 1 1 1 0 1 1 1 1 0 1 0]\t-0.0096\t\t0.0010\n",
      "[1 0 0 1 1 0 1 0 1 1 0 0 1 1 1 1 0 1]\t-0.0067\t\t0.0010\n",
      "[1 1 0 1 0 1 0 0 0 1 1 0 1 0 1 1 1 1]\t-0.0071\t\t0.0010\n",
      "[1 1 1 1 1 0 1 1 1 1 1 1 0 1 1 0 1 1]\t-0.0099\t\t0.0010\n",
      "[1 1 1 1 1 1 1 1 1 1 0 1 1 1 1 0 0 1]\t-0.0080\t\t0.0010\n",
      "[0 1 1 1 1 1 0 1 1 1 1 1 1 1 1 1 1 0]\t-0.0109\t\t0.0010\n",
      "[1 0 0 0 0 1 1 1 1 0 0 1 1 1 0 1 1 1]\t-0.0087\t\t0.0010\n",
      "[0 1 1 1 1 1 1 1 1 1 1 1 1 1 0 0 1 1]\t-0.0091\t\t0.0010\n",
      "[1 1 1 1 1 1 0 1 1 1 1 1 1 0 1 1 1 0]\t-0.0102\t\t0.0010\n",
      "[1 0 1 1 1 1 1 1 1 0 1 0 1 1 1 1 1 1]\t-0.0097\t\t0.0010\n",
      "[0 0 1 0 1 1 1 1 1 0 0 1 0 1 1 1 0 1]\t-0.0077\t\t0.0010\n",
      "[1 0 0 1 1 1 1 1 1 1 1 1 0 0 0 1 1 1]\t-0.0089\t\t0.0010\n",
      "[1 1 0 1 1 1 0 1 1 1 1 1 0 1 1 1 1 1]\t-0.0109\t\t0.0010\n",
      "[0 0 1 1 1 1 0 1 0 1 1 1 1 0 1 1 1 1]\t-0.0094\t\t0.0010\n",
      "[1 1 1 1 0 1 1 0 1 1 1 1 0 0 0 0 1 0]\t-0.0066\t\t0.0010\n",
      "[0 0 0 0 1 0 1 1 1 1 1 0 0 1 0 0 0 0]\t-0.0054\t\t0.0010\n",
      "[1 1 1 1 1 0 1 0 1 0 1 1 1 0 1 1 0 1]\t-0.0063\t\t0.0010\n",
      "[1 1 0 1 1 0 1 1 1 1 1 1 1 1 1 1 1 0]\t-0.0105\t\t0.0010\n",
      "[1 1 0 0 0 1 1 0 1 1 1 0 0 1 1 0 1 1]\t-0.0074\t\t0.0010\n",
      "[1 0 1 1 0 1 1 0 0 1 1 1 1 1 0 1 0 0]\t-0.0053\t\t0.0010\n",
      "[1 0 1 1 0 1 1 1 1 1 0 1 0 0 0 1 0 1]\t-0.0062\t\t0.0010\n",
      "[1 1 1 0 1 1 0 1 0 1 1 0 1 1 1 1 0 0]\t-0.0073\t\t0.0010\n",
      "[1 1 1 1 0 1 0 1 0 0 1 0 1 1 0 0 1 1]\t-0.0071\t\t0.0010\n",
      "[1 1 1 1 1 1 1 1 0 1 1 1 1 0 1 1 0 1]\t-0.0069\t\t0.0010\n",
      "[0 1 1 0 0 1 0 1 1 1 1 1 1 0 0 1 1 1]\t-0.0087\t\t0.0010\n",
      "[1 1 1 0 0 0 1 1 1 1 1 0 1 1 0 0 1 1]\t-0.0079\t\t0.0010\n",
      "[1 1 1 0 0 0 1 1 1 1 1 1 1 0 1 1 1 1]\t-0.0093\t\t0.0010\n",
      "[1 1 1 0 1 1 1 1 0 1 1 0 1 0 1 0 1 1]\t-0.0077\t\t0.0010\n",
      "[1 1 1 1 1 1 1 1 1 1 1 1 1 1 0 1 1 1]\t-0.0098\t\t0.0010\n",
      "[1 1 1 0 1 0 1 0 1 1 0 1 1 0 1 0 0 1]\t-0.0058\t\t0.0010\n",
      "[1 1 0 1 1 0 0 1 1 1 1 1 0 1 0 1 1 1]\t-0.0101\t\t0.0010\n",
      "[1 1 0 0 0 1 0 0 0 1 0 1 0 0 0 0 0 0]\t-0.0028\t\t0.0010\n",
      "[1 1 0 1 1 0 1 1 1 1 1 1 0 1 0 1 1 1]\t-0.0097\t\t0.0010\n",
      "[0 0 0 1 1 1 0 0 0 0 0 0 0 0 0 0 0 0]\t-0.0016\t\t0.0010\n",
      "[0 1 0 1 0 0 1 0 0 0 0 0 0 0 0 0 0 0]\t-0.0007\t\t0.0010\n",
      "[1 0 0 1 1 1 1 1 1 0 1 0 0 1 1 1 0 1]\t-0.0073\t\t0.0010\n",
      "[1 1 0 1 0 0 1 1 1 1 0 0 0 1 0 0 0 0]\t-0.0052\t\t0.0010\n",
      "[1 0 1 0 1 1 1 1 1 0 0 1 1 1 0 0 1 1]\t-0.0088\t\t0.0010\n",
      "[0 0 0 0 0 1 1 0 1 0 0 0 0 0 1 0 0 1]\t-0.0029\t\t0.0010\n",
      "[1 1 1 1 1 0 1 1 1 0 0 0 1 0 1 1 0 0]\t-0.0065\t\t0.0010\n",
      "[1 0 1 1 1 1 1 1 1 1 0 0 1 1 1 0 0 1]\t-0.0073\t\t0.0010\n",
      "[0 1 0 1 1 1 0 1 1 0 1 1 1 1 1 1 1 1]\t-0.0105\t\t0.0010\n",
      "[1 1 1 1 1 1 0 1 1 0 1 1 1 1 1 0 1 1]\t-0.0101\t\t0.0010\n",
      "[0 1 1 1 1 0 0 1 0 1 1 1 1 0 1 1 1 0]\t-0.0093\t\t0.0010\n",
      "[0 1 1 1 1 1 1 1 1 0 0 1 1 0 0 1 1 1]\t-0.0085\t\t0.0010\n",
      "[1 1 0 1 1 1 1 1 0 1 1 0 0 1 0 1 1 1]\t-0.0082\t\t0.0010\n",
      "[1 0 1 1 1 1 0 1 1 1 1 0 1 0 1 1 1 1]\t-0.0096\t\t0.0010\n",
      "[0 1 1 1 1 1 1 1 0 1 1 1 1 0 1 1 1 1]\t-0.0090\t\t0.0010\n",
      "[0 1 1 1 0 1 0 1 1 0 1 1 0 0 1 1 0 1]\t-0.0068\t\t0.0010\n",
      "[1 0 0 1 0 0 0 0 1 0 0 0 1 0 0 0 0 1]\t-0.0029\t\t0.0010\n",
      "[1 0 1 1 0 1 1 0 0 0 1 1 0 1 1 0 0 0]\t-0.0047\t\t0.0010\n",
      "[0 0 1 0 0 0 0 0 1 0 1 0 0 0 0 0 1 0]\t-0.0046\t\t0.0010\n",
      "[0 0 1 0 0 1 1 1 1 0 1 1 1 1 1 0 0 0]\t-0.0066\t\t0.0010\n",
      "[1 1 0 1 1 0 1 1 1 1 0 1 1 1 1 1 0 0]\t-0.0084\t\t0.0010\n",
      "[1 0 0 1 1 1 0 0 1 1 1 1 1 0 1 1 0 1]\t-0.0071\t\t0.0010\n",
      "[0 0 0 0 1 0 1 1 0 1 0 1 0 0 1 0 1 0]\t-0.0074\t\t0.0010\n",
      "[1 0 0 0 0 0 0 0 0 0 1 0 1 0 0 1 0 0]\t-0.0024\t\t0.0010\n",
      "[1 0 0 1 1 1 1 1 1 1 1 1 1 0 1 1 1 1]\t-0.0098\t\t0.0010\n",
      "[1 1 1 1 1 1 1 1 1 1 1 1 0 1 1 0 0 1]\t-0.0078\t\t0.0010\n",
      "[1 0 1 0 1 1 0 1 0 1 1 1 1 0 0 0 1 1]\t-0.0079\t\t0.0010\n",
      "[0 0 0 0 0 0 1 1 0 0 0 0 0 1 0 0 1 0]\t-0.0050\t\t0.0010\n",
      "[1 1 1 1 1 1 0 0 1 1 1 1 0 1 1 0 1 0]\t-0.0093\t\t0.0010\n",
      "[1 1 1 1 1 0 1 1 1 1 1 0 1 0 1 1 1 1]\t-0.0091\t\t0.0010\n",
      "[1 1 0 0 1 1 0 1 1 1 1 1 1 1 1 1 1 1]\t-0.0109\t\t0.0010\n",
      "[1 0 1 1 0 1 0 0 0 0 1 0 0 0 0 0 0 0]\t-0.0020\t\t0.0010\n",
      "[1 1 1 1 1 1 1 1 1 0 0 0 0 1 1 1 0 1]\t-0.0073\t\t0.0010\n",
      "[1 1 0 1 0 1 1 1 0 1 0 1 1 1 0 1 0 0]\t-0.0062\t\t0.0010\n",
      "[1 1 0 0 0 1 1 1 1 1 1 1 1 0 0 1 1 0]\t-0.0083\t\t0.0010\n",
      "[1 1 1 0 1 1 1 1 1 0 1 0 1 1 1 0 1 0]\t-0.0088\t\t0.0010\n",
      "[1 0 1 1 1 1 1 1 0 1 1 1 1 1 1 1 0 1]\t-0.0079\t\t0.0010\n",
      "[1 1 0 1 1 1 1 1 1 1 1 0 1 0 1 0 1 1]\t-0.0085\t\t0.0010\n",
      "[1 1 1 1 1 1 0 1 1 1 1 0 1 1 0 1 1 1]\t-0.0096\t\t0.0010\n",
      "[1 0 1 1 1 1 1 1 1 1 1 0 0 1 1 1 1 1]\t-0.0099\t\t0.0010\n",
      "[0 1 1 1 1 0 1 0 1 1 1 1 1 1 1 1 1 1]\t-0.0095\t\t0.0010\n",
      "[1 1 1 0 1 1 1 1 0 1 1 1 0 1 1 1 1 1]\t-0.0097\t\t0.0010\n",
      "[0 1 0 0 1 0 1 1 0 1 0 1 0 1 0 0 0 0]\t-0.0051\t\t0.0010\n",
      "[1 1 1 0 0 1 0 1 1 1 1 1 1 1 1 1 1 1]\t-0.0105\t\t0.0010\n",
      "[1 1 0 1 1 1 1 0 1 0 1 0 0 1 1 1 0 1]\t-0.0062\t\t0.0010\n",
      "[0 1 1 0 1 1 1 1 1 0 0 1 1 1 1 0 1 1]\t-0.0094\t\t0.0010\n",
      "[1 1 0 1 1 1 1 1 1 0 0 0 0 1 1 1 1 1]\t-0.0094\t\t0.0010\n",
      "[0 1 1 1 1 1 1 0 1 0 1 1 1 0 1 1 1 0]\t-0.0083\t\t0.0010\n",
      "[1 1 1 0 1 1 1 0 1 1 0 0 1 1 1 1 0 1]\t-0.0067\t\t0.0010\n",
      "[1 0 0 1 1 0 1 0 1 1 1 0 1 0 0 1 1 1]\t-0.0072\t\t0.0010\n",
      "[0 1 0 0 0 0 1 1 1 0 0 1 1 0 0 0 0 1]\t-0.0044\t\t0.0010\n",
      "[0 1 0 1 1 1 1 1 0 1 1 1 1 1 1 1 1 1]\t-0.0098\t\t0.0010\n",
      "[1 1 1 1 0 1 0 1 0 0 1 1 1 0 1 1 1 0]\t-0.0085\t\t0.0010\n",
      "[0 1 0 0 0 0 0 0 0 0 0 0 1 0 0 1 0 0]\t-0.0018\t\t0.0010\n",
      "[1 1 1 1 1 0 1 1 1 1 1 0 1 1 1 0 0 1]\t-0.0072\t\t0.0010\n",
      "[1 1 0 1 1 1 1 0 1 1 1 1 1 1 1 1 0 1]\t-0.0074\t\t0.0010\n",
      "[1 1 0 0 1 1 0 1 0 1 0 1 1 1 1 1 1 1]\t-0.0101\t\t0.0010\n",
      "[1 1 1 1 1 0 0 1 1 0 1 1 1 1 1 1 0 0]\t-0.0085\t\t0.0010\n",
      "[1 1 1 1 0 0 1 1 0 0 1 1 1 1 1 1 1 1]\t-0.0091\t\t0.0010\n",
      "[1 0 0 0 1 1 1 0 1 1 1 1 0 0 1 0 0 1]\t-0.0056\t\t0.0010\n",
      "[0 1 1 0 0 1 1 1 0 1 1 1 1 0 1 0 1 1]\t-0.0077\t\t0.0010\n",
      "[1 1 0 0 1 1 1 0 1 1 1 1 1 1 1 1 1 1]\t-0.0094\t\t0.0010\n",
      "[1 0 0 0 1 1 1 0 1 1 1 0 1 0 0 1 1 1]\t-0.0070\t\t0.0010\n",
      "[1 0 0 1 1 0 1 1 1 0 0 1 1 1 0 1 1 0]\t-0.0093\t\t0.0010\n",
      "[0 0 0 1 0 0 1 0 0 0 0 1 0 1 1 0 0 0]\t-0.0036\t\t0.0010\n",
      "[0 0 1 1 1 1 1 1 1 1 1 1 0 0 1 1 0 0]\t-0.0074\t\t0.0010\n",
      "[0 1 0 1 1 1 1 0 0 0 1 0 0 1 0 0 0 0]\t-0.0031\t\t0.0010\n",
      "[0 1 1 1 0 1 1 0 1 1 1 0 0 1 1 0 0 1]\t-0.0053\t\t0.0010\n",
      "[1 1 0 1 1 1 1 0 0 0 0 1 1 1 0 0 1 1]\t-0.0068\t\t0.0010\n",
      "[0 0 1 1 1 0 1 1 0 1 0 1 1 1 1 1 1 1]\t-0.0099\t\t0.0010\n",
      "[1 1 0 0 1 1 1 0 1 0 1 0 0 1 0 0 1 1]\t-0.0066\t\t0.0010\n",
      "[1 1 1 1 0 0 1 1 0 1 1 1 1 1 1 1 1 1]\t-0.0095\t\t0.0010\n",
      "[0 1 0 1 0 0 0 1 1 0 1 1 1 0 1 1 1 1]\t-0.0091\t\t0.0010\n",
      "[1 1 1 0 1 1 0 1 1 1 0 1 0 0 0 1 1 0]\t-0.0090\t\t0.0010\n",
      "[0 1 0 1 1 0 0 1 1 1 0 1 0 0 1 1 1 1]\t-0.0098\t\t0.0010\n",
      "[1 1 1 1 0 0 0 1 0 0 1 1 0 1 1 1 0 0]\t-0.0069\t\t0.0010\n",
      "[0 0 1 0 0 0 0 0 1 0 0 1 1 0 1 0 0 0]\t-0.0042\t\t0.0010\n",
      "[1 1 1 1 1 0 1 1 1 0 1 0 1 0 1 1 1 1]\t-0.0087\t\t0.0010\n",
      "[1 1 0 0 1 1 1 1 1 1 1 1 0 1 1 1 1 1]\t-0.0103\t\t0.0010\n",
      "[0 1 1 1 1 1 1 1 1 0 1 1 0 1 1 1 1 1]\t-0.0100\t\t0.0010\n",
      "[1 1 0 1 1 1 1 1 0 1 1 1 1 1 1 0 1 1]\t-0.0093\t\t0.0010\n",
      "[1 0 1 0 1 1 0 1 1 1 1 1 0 1 1 1 1 0]\t-0.0109\t\t0.0010\n",
      "[1 1 1 1 1 0 0 0 0 1 0 0 0 1 1 1 1 1]\t-0.0083\t\t0.0010\n",
      "[0 1 0 0 1 0 1 0 0 0 0 0 0 0 0 0 0 1]\t-0.0015\t\t0.0010\n",
      "[1 1 1 1 0 1 1 1 1 1 0 1 1 1 1 1 0 0]\t-0.0081\t\t0.0010\n",
      "[0 0 0 0 0 0 0 0 0 1 1 1 0 0 0 0 0 1]\t-0.0027\t\t0.0010\n",
      "[1 1 1 0 1 0 1 0 1 0 0 0 1 1 1 0 1 1]\t-0.0077\t\t0.0010\n",
      "[1 0 0 0 1 1 0 1 0 0 1 0 0 0 1 0 1 0]\t-0.0069\t\t0.0010\n",
      "[1 0 0 0 1 1 0 1 1 0 0 1 1 0 1 0 1 1]\t-0.0089\t\t0.0010\n",
      "[1 1 1 1 0 1 1 1 0 1 1 1 0 0 1 1 1 1]\t-0.0085\t\t0.0010\n",
      "[1 1 0 0 0 1 1 1 1 1 1 1 1 1 1 1 0 1]\t-0.0079\t\t0.0010\n",
      "[0 1 1 0 1 1 0 1 0 0 1 1 1 1 1 1 1 1]\t-0.0097\t\t0.0010\n",
      "[1 1 0 0 1 1 0 1 1 1 1 1 1 1 1 0 1 1]\t-0.0103\t\t0.0010\n",
      "[1 1 1 1 1 1 0 0 0 1 1 1 1 1 1 0 0 1]\t-0.0066\t\t0.0010\n",
      "[1 1 0 0 1 1 1 0 1 0 0 1 0 0 1 1 1 1]\t-0.0080\t\t0.0010\n",
      "[0 0 0 1 0 0 0 0 1 1 0 0 0 0 1 1 1 1]\t-0.0071\t\t0.0010\n",
      "[0 1 1 1 1 1 0 1 1 1 1 1 1 1 1 1 0 1]\t-0.0088\t\t0.0010\n",
      "[1 1 1 1 1 0 1 1 1 0 1 1 1 1 1 1 1 0]\t-0.0102\t\t0.0010\n",
      "[1 1 1 1 1 1 1 0 1 0 1 0 1 1 1 1 1 1]\t-0.0086\t\t0.0010\n",
      "[0 0 1 1 1 0 1 0 1 0 1 0 1 1 1 0 1 1]\t-0.0078\t\t0.0010\n",
      "[1 0 0 0 0 0 1 0 0 0 0 0 1 1 0 0 0 0]\t-0.0020\t\t0.0010\n",
      "[0 0 1 0 0 0 0 0 0 0 0 0 1 0 1 0 1 0]\t-0.0045\t\t0.0010\n",
      "[1 0 1 0 0 0 0 0 1 0 0 0 0 0 1 0 0 1]\t-0.0036\t\t0.0010\n",
      "[1 1 1 0 1 1 1 0 1 1 1 1 0 1 1 1 1 1]\t-0.0094\t\t0.0010\n",
      "[1 1 1 1 1 1 1 0 1 1 1 1 1 0 1 1 1 0]\t-0.0088\t\t0.0010\n",
      "[0 1 1 0 1 1 1 1 0 1 1 1 1 1 1 1 1 1]\t-0.0097\t\t0.0010\n",
      "[1 1 0 1 0 1 0 1 1 0 1 1 1 1 1 0 0 1]\t-0.0074\t\t0.0010\n",
      "[1 1 1 1 1 1 0 1 1 1 1 1 1 1 0 1 1 0]\t-0.0102\t\t0.0010\n",
      "[1 1 1 1 0 1 1 0 1 1 0 1 1 1 0 0 0 0]\t-0.0054\t\t0.0010\n",
      "[1 0 1 1 1 1 1 0 1 0 0 0 0 1 1 0 1 1]\t-0.0077\t\t0.0010\n",
      "[0 0 1 1 0 1 1 1 1 1 1 0 1 1 1 1 1 1]\t-0.0095\t\t0.0010\n",
      "[1 0 0 1 1 1 1 0 1 1 1 1 0 0 0 1 1 1]\t-0.0079\t\t0.0010\n",
      "[0 1 1 0 1 0 0 1 1 1 1 1 1 1 1 0 1 1]\t-0.0102\t\t0.0010\n",
      "[0 0 1 1 1 1 1 1 1 0 1 0 0 0 1 1 1 0]\t-0.0084\t\t0.0010\n",
      "[0 1 0 1 0 0 1 0 0 0 1 0 0 1 0 0 1 1]\t-0.0048\t\t0.0010\n",
      "[1 1 0 1 1 1 1 1 0 1 0 1 1 0 1 0 1 1]\t-0.0085\t\t0.0010\n",
      "[1 0 0 0 0 1 1 1 1 1 0 0 1 1 1 0 1 1]\t-0.0086\t\t0.0010\n",
      "[1 1 1 1 1 0 0 1 0 0 1 1 1 0 0 1 0 1]\t-0.0060\t\t0.0010\n",
      "[1 1 0 1 0 0 0 1 1 0 1 0 0 1 0 1 1 0]\t-0.0081\t\t0.0010\n",
      "[1 1 0 1 0 1 1 1 1 1 1 1 1 1 1 0 1 1]\t-0.0096\t\t0.0010\n",
      "[1 0 1 1 1 0 1 1 1 1 1 1 0 1 0 0 1 1]\t-0.0092\t\t0.0010\n",
      "[1 1 1 1 1 1 1 1 1 1 1 0 1 1 0 1 0 1]\t-0.0070\t\t0.0010\n",
      "[1 1 1 1 1 1 0 1 1 1 1 1 0 1 0 0 1 1]\t-0.0096\t\t0.0010\n",
      "[1 1 1 1 0 0 0 0 0 0 0 1 0 1 0 0 1 0]\t-0.0059\t\t0.0010\n",
      "[1 1 1 1 1 1 0 0 1 1 0 1 1 1 0 0 1 1]\t-0.0086\t\t0.0010\n",
      "[0 0 1 0 0 0 1 0 0 1 1 0 0 1 0 0 0 0]\t-0.0027\t\t0.0010\n",
      "[1 1 1 0 1 1 1 0 1 1 1 1 1 1 1 0 1 1]\t-0.0089\t\t0.0010\n",
      "[1 0 0 1 1 1 1 0 1 1 1 1 1 0 1 0 1 1]\t-0.0082\t\t0.0010\n",
      "[0 1 0 0 0 0 1 0 1 1 0 0 0 0 0 0 1 1]\t-0.0049\t\t0.0010\n",
      "[1 1 1 1 1 1 0 1 1 1 1 1 1 1 1 0 1 0]\t-0.0104\t\t0.0010\n",
      "[1 1 0 0 0 1 0 0 0 1 1 1 1 1 1 1 0 1]\t-0.0063\t\t0.0010\n",
      "[0 0 1 0 0 0 0 0 0 0 0 0 0 0 0 0 0 0]\t-0.0004\t\t0.0010\n",
      "[1 1 1 1 0 1 0 1 0 0 1 1 1 0 0 0 1 1]\t-0.0070\t\t0.0010\n",
      "[1 1 0 1 0 1 1 0 0 1 1 0 1 0 1 1 1 0]\t-0.0067\t\t0.0010\n",
      "[1 0 0 0 0 1 0 0 0 0 0 0 0 0 0 1 0 1]\t-0.0020\t\t0.0010\n",
      "[0 1 1 1 1 1 1 1 0 0 1 1 1 1 1 1 1 1]\t-0.0094\t\t0.0010\n",
      "[1 1 0 1 1 1 1 1 1 1 1 1 0 1 0 0 1 0]\t-0.0090\t\t0.0010\n",
      "[1 0 1 0 1 1 1 1 1 1 1 1 0 1 0 1 1 1]\t-0.0097\t\t0.0010\n",
      "[1 1 1 1 1 0 1 1 1 1 1 1 0 1 0 1 1 1]\t-0.0097\t\t0.0010\n",
      "[0 1 1 0 1 1 1 1 1 1 1 1 0 0 1 0 0 0]\t-0.0066\t\t0.0010\n",
      "[1 0 1 1 1 1 1 1 1 1 1 0 1 1 0 1 1 1]\t-0.0092\t\t0.0010\n",
      "[1 1 1 1 1 0 1 0 1 1 1 1 1 0 1 1 1 1]\t-0.0088\t\t0.0010\n",
      "[1 0 0 0 1 1 0 0 0 0 0 0 0 0 0 1 0 0]\t-0.0026\t\t0.0010\n",
      "[1 1 1 1 1 1 0 1 1 1 0 0 1 0 1 1 1 0]\t-0.0095\t\t0.0010\n",
      "[1 1 0 0 1 1 1 0 1 0 1 1 0 1 1 1 1 1]\t-0.0089\t\t0.0010\n",
      "[1 1 0 1 1 1 1 1 1 1 1 1 1 0 1 0 1 1]\t-0.0092\t\t0.0010\n",
      "[0 1 1 1 1 0 1 0 0 1 1 1 1 1 1 1 1 1]\t-0.0088\t\t0.0010\n",
      "[0 0 1 0 1 0 0 1 0 0 0 1 1 0 1 1 1 0]\t-0.0084\t\t0.0010\n",
      "[1 0 0 1 1 1 1 1 1 1 0 1 1 1 1 1 1 0]\t-0.0107\t\t0.0010\n",
      "[1 1 0 1 1 0 1 0 1 0 0 0 1 1 1 0 1 1]\t-0.0078\t\t0.0010\n",
      "[1 1 1 0 1 1 1 1 0 1 1 1 1 1 1 1 0 1]\t-0.0077\t\t0.0010\n",
      "[1 1 0 1 0 1 1 1 0 0 1 1 1 1 1 0 1 1]\t-0.0084\t\t0.0010\n",
      "[1 1 1 1 1 1 1 1 0 1 1 0 1 1 1 1 0 1]\t-0.0071\t\t0.0010\n",
      "[0 1 1 1 1 1 1 0 1 0 1 0 0 1 1 0 1 0]\t-0.0075\t\t0.0010\n",
      "[1 1 1 1 1 1 0 0 1 0 1 1 1 1 1 1 1 1]\t-0.0097\t\t0.0010\n",
      "[0 1 1 0 1 1 1 1 1 1 1 1 0 1 1 1 1 1]\t-0.0103\t\t0.0010\n",
      "[1 1 1 0 0 0 1 0 1 0 0 1 1 1 1 1 0 1]\t-0.0064\t\t0.0010\n",
      "[1 0 0 0 0 0 0 1 1 0 0 0 0 0 1 0 0 0]\t-0.0043\t\t0.0010\n",
      "[1 0 1 0 1 1 0 0 0 1 1 1 1 1 0 0 0 1]\t-0.0054\t\t0.0010\n",
      "[1 1 1 1 1 1 0 1 1 0 1 0 1 1 1 0 1 1]\t-0.0094\t\t0.0010\n",
      "[0 1 1 1 1 1 0 1 1 1 0 0 1 1 1 1 1 1]\t-0.0102\t\t0.0010\n",
      "[1 1 1 1 1 1 1 1 1 1 1 1 0 0 1 0 1 1]\t-0.0091\t\t0.0010\n",
      "[1 1 1 0 0 1 0 1 1 0 0 1 1 0 1 1 0 1]\t-0.0070\t\t0.0010\n",
      "[1 1 0 0 1 1 1 0 1 1 1 1 0 1 1 1 0 0]\t-0.0071\t\t0.0010\n",
      "[0 0 0 1 0 0 0 0 0 0 0 0 1 0 0 1 0 0]\t-0.0019\t\t0.0010\n",
      "[1 0 0 0 0 0 0 0 0 0 1 0 1 0 0 0 0 0]\t-0.0015\t\t0.0010\n",
      "[0 0 0 0 1 1 1 1 0 0 0 0 0 0 0 0 0 0]\t-0.0025\t\t0.0010\n",
      "[0 0 0 1 1 1 0 1 1 1 1 0 0 1 0 1 1 1]\t-0.0092\t\t0.0010\n",
      "[1 1 0 1 0 1 0 0 1 0 1 1 1 1 0 0 0 1]\t-0.0053\t\t0.0010\n",
      "[1 1 1 0 0 1 1 0 0 0 0 1 0 1 1 1 0 1]\t-0.0053\t\t0.0010\n",
      "[1 1 1 1 0 1 1 1 1 1 1 0 1 1 1 0 1 1]\t-0.0089\t\t0.0010\n",
      "[0 1 1 1 1 1 1 1 1 1 1 0 1 1 1 1 0 1]\t-0.0077\t\t0.0010\n",
      "[1 1 1 1 1 1 1 1 1 1 1 1 1 0 1 1 1 1]\t-0.0097\t\t0.0010\n",
      "[1 1 1 0 1 1 0 1 0 1 1 1 0 0 1 0 1 0]\t-0.0085\t\t0.0010\n",
      "[1 1 1 1 0 1 1 1 1 1 0 1 1 1 1 1 1 0]\t-0.0102\t\t0.0010\n",
      "[1 0 1 0 1 0 1 1 1 1 0 1 1 1 1 1 1 0]\t-0.0106\t\t0.0010\n",
      "[1 1 1 1 1 1 1 1 0 1 1 0 1 0 1 0 1 0]\t-0.0078\t\t0.0010\n",
      "[0 1 1 0 1 1 0 1 1 1 1 1 1 1 0 1 1 1]\t-0.0100\t\t0.0010\n",
      "[0 1 0 1 1 0 0 1 1 1 1 1 0 1 1 0 1 1]\t-0.0101\t\t0.0010\n",
      "[0 1 1 0 0 0 0 1 1 1 1 1 0 1 1 0 1 1]\t-0.0095\t\t0.0010\n",
      "[1 1 1 1 1 0 1 1 0 0 1 0 1 0 1 1 1 0]\t-0.0079\t\t0.0010\n",
      "[0 1 0 1 1 0 0 1 1 1 1 1 1 1 0 1 1 0]\t-0.0099\t\t0.0010\n",
      "[1 0 1 1 1 0 1 1 0 1 1 0 0 1 1 1 1 0]\t-0.0091\t\t0.0010\n",
      "[0 0 0 0 0 0 1 0 0 0 0 0 0 1 1 0 0 0]\t-0.0023\t\t0.0010\n",
      "[0 0 1 1 1 0 1 1 1 1 1 1 1 1 1 1 1 1]\t-0.0106\t\t0.0010\n",
      "[0 0 1 0 1 0 1 1 1 0 1 1 1 1 1 1 1 1]\t-0.0101\t\t0.0010\n",
      "[0 0 1 1 0 1 0 1 0 1 1 1 1 1 0 1 0 1]\t-0.0066\t\t0.0010\n",
      "[0 1 1 0 1 0 1 1 1 1 1 0 1 1 0 1 0 0]\t-0.0066\t\t0.0010\n",
      "[1 1 0 1 1 1 1 1 1 1 1 0 0 1 1 1 1 1]\t-0.0098\t\t0.0010\n",
      "[1 0 1 1 0 0 1 1 1 0 0 0 0 0 1 1 1 1]\t-0.0080\t\t0.0010\n",
      "[1 1 1 0 1 1 0 1 1 0 1 1 1 1 1 1 1 1]\t-0.0106\t\t0.0010\n",
      "[1 1 0 1 1 1 1 1 1 1 1 1 1 0 1 1 0 1]\t-0.0076\t\t0.0010\n",
      "[0 0 0 0 0 0 0 0 0 0 1 0 0 0 0 0 0 0]\t-0.0006\t\t0.0010\n",
      "[1 1 1 1 1 1 0 1 0 0 1 1 0 1 0 1 1 1]\t-0.0090\t\t0.0010\n",
      "[0 0 0 1 0 0 0 0 0 0 0 0 0 1 0 0 1 0]\t-0.0040\t\t0.0010\n",
      "[0 1 1 1 0 1 0 1 1 1 1 1 1 0 1 1 1 1]\t-0.0097\t\t0.0010\n",
      "[1 0 1 0 0 1 1 0 1 0 1 1 0 1 1 1 0 1]\t-0.0063\t\t0.0010\n",
      "[1 1 1 1 1 0 1 1 0 1 1 1 0 1 1 0 1 1]\t-0.0092\t\t0.0010\n",
      "[1 0 0 0 0 1 0 0 0 0 0 1 0 0 0 1 0 1]\t-0.0030\t\t0.0010\n",
      "[0 1 1 0 1 1 1 1 1 1 1 1 1 1 1 1 1 0]\t-0.0103\t\t0.0010\n",
      "[0 0 0 0 0 0 1 1 1 0 0 0 1 0 0 0 0 0]\t-0.0030\t\t0.0010\n",
      "[0 1 1 1 1 1 0 1 1 1 0 0 1 1 1 0 0 0]\t-0.0073\t\t0.0010\n",
      "[0 0 0 0 0 0 0 0 1 0 1 0 0 0 0 1 0 0]\t-0.0027\t\t0.0010\n",
      "[1 1 0 1 1 1 1 1 1 1 1 1 1 1 1 0 1 0]\t-0.0099\t\t0.0010\n",
      "[1 1 1 1 1 0 1 1 0 1 0 0 0 1 1 1 1 1]\t-0.0091\t\t0.0010\n",
      "[0 1 0 1 1 1 1 1 1 1 0 1 1 1 1 1 1 1]\t-0.0105\t\t0.0010\n",
      "[1 0 1 1 1 1 1 1 1 0 1 0 1 1 0 0 1 1]\t-0.0083\t\t0.0010\n",
      "[1 0 0 1 0 1 1 1 1 1 1 1 1 1 1 1 1 1]\t-0.0103\t\t0.0010\n",
      "[1 0 1 1 1 1 1 0 0 1 0 0 1 1 1 1 1 1]\t-0.0083\t\t0.0010\n",
      "[1 1 1 1 1 1 1 1 1 0 0 1 1 0 1 1 1 1]\t-0.0095\t\t0.0010\n",
      "[0 0 0 0 0 0 1 0 0 0 0 0 0 0 0 0 0 0]\t-0.0000\t\t0.0010\n",
      "[0 1 1 1 1 1 0 1 1 1 0 1 0 0 1 1 1 1]\t-0.0100\t\t0.0010\n",
      "[1 1 1 0 0 1 1 1 1 1 1 1 1 1 1 1 1 1]\t-0.0101\t\t0.0010\n",
      "[1 1 1 0 1 0 1 1 1 1 1 0 0 1 1 1 1 0]\t-0.0096\t\t0.0010\n",
      "[0 0 0 1 1 1 0 0 1 0 0 0 0 0 1 0 0 1]\t-0.0042\t\t0.0010\n",
      "[0 1 1 1 1 1 1 1 1 1 1 1 1 1 1 0 0 1]\t-0.0078\t\t0.0010\n",
      "[0 1 0 0 0 1 1 1 1 1 1 0 1 0 0 1 1 1]\t-0.0074\t\t0.0010\n",
      "[1 1 1 0 1 1 1 1 1 1 0 1 1 1 0 1 1 1]\t-0.0097\t\t0.0010\n",
      "[1 0 1 0 1 0 0 0 0 0 1 0 0 0 0 0 0 0]\t-0.0023\t\t0.0010\n",
      "[1 1 1 0 1 1 1 0 0 1 1 1 1 1 1 1 1 1]\t-0.0088\t\t0.0010\n",
      "[0 1 0 1 0 0 1 1 1 1 0 1 0 0 1 1 0 1]\t-0.0067\t\t0.0010\n",
      "[0 0 0 0 1 1 0 1 0 0 0 1 1 1 1 0 0 1]\t-0.0063\t\t0.0010\n",
      "[0 1 1 0 0 0 1 1 1 1 1 0 1 1 0 1 1 0]\t-0.0083\t\t0.0010\n",
      "[1 1 1 0 0 0 1 0 0 0 0 0 0 1 1 0 0 0]\t-0.0033\t\t0.0010\n",
      "[0 0 0 1 1 1 0 1 0 1 1 1 1 1 1 1 0 1]\t-0.0080\t\t0.0010\n",
      "[0 1 1 1 0 1 0 0 0 0 1 0 0 0 0 0 0 0]\t-0.0018\t\t0.0010\n",
      "[1 1 1 1 1 1 0 1 1 0 1 1 1 0 1 1 1 1]\t-0.0099\t\t0.0010\n",
      "[0 0 1 0 1 1 0 0 0 0 0 0 1 0 0 0 0 0]\t-0.0020\t\t0.0010\n",
      "[0 0 0 0 0 0 0 0 0 1 0 0 0 0 0 1 1 1]\t-0.0046\t\t0.0010\n",
      "[1 1 1 1 1 1 1 0 1 1 1 1 1 1 0 1 0 1]\t-0.0067\t\t0.0010\n",
      "[0 1 1 1 1 1 1 1 1 1 1 1 1 0 0 1 1 1]\t-0.0089\t\t0.0010\n",
      "[0 1 0 1 0 1 1 0 0 1 1 1 0 1 1 1 1 0]\t-0.0080\t\t0.0010\n",
      "[1 1 1 0 1 1 0 0 1 1 1 1 0 0 1 0 1 1]\t-0.0083\t\t0.0010\n",
      "[1 1 0 1 1 1 1 1 1 1 1 1 0 1 1 0 1 1]\t-0.0099\t\t0.0010\n",
      "[1 1 0 0 1 0 1 1 1 0 0 1 1 0 0 1 0 0]\t-0.0059\t\t0.0010\n",
      "[0 0 1 0 1 1 0 1 1 1 1 1 1 1 1 1 1 0]\t-0.0108\t\t0.0010\n",
      "[1 0 1 1 1 1 0 1 1 1 0 1 1 1 1 1 1 1]\t-0.0112\t\t0.0010\n",
      "[1 1 0 1 0 1 1 1 1 1 0 0 1 0 1 1 1 1]\t-0.0086\t\t0.0010\n",
      "[0 0 1 1 1 1 1 0 1 1 0 0 1 0 0 1 1 1]\t-0.0071\t\t0.0010\n",
      "[1 1 1 0 1 0 1 1 1 0 0 1 1 1 0 1 1 0]\t-0.0092\t\t0.0010\n",
      "[0 1 1 1 0 1 1 0 0 0 1 0 1 1 1 0 1 1]\t-0.0064\t\t0.0010\n",
      "[1 1 1 1 1 1 1 1 1 1 0 0 1 1 1 0 1 1]\t-0.0094\t\t0.0010\n",
      "[1 1 1 1 1 1 0 1 1 1 1 1 1 0 1 1 0 1]\t-0.0081\t\t0.0010\n",
      "[1 0 1 1 1 0 1 1 0 0 1 1 1 0 1 1 1 1]\t-0.0088\t\t0.0010\n",
      "[1 1 1 1 1 1 1 1 1 0 1 1 0 1 1 0 1 1]\t-0.0096\t\t0.0010\n",
      "[1 1 1 0 0 1 1 1 1 1 0 1 0 0 0 1 0 1]\t-0.0060\t\t0.0010\n",
      "[1 1 1 1 1 1 1 1 1 1 0 1 1 0 0 1 1 1]\t-0.0090\t\t0.0010\n",
      "[1 1 1 0 1 1 1 0 1 0 1 1 0 1 1 1 1 0]\t-0.0090\t\t0.0010\n",
      "[1 1 1 1 1 0 0 0 1 0 0 1 1 1 1 0 1 1]\t-0.0090\t\t0.0010\n",
      "[0 1 0 1 1 1 0 1 1 1 0 1 1 0 1 0 0 1]\t-0.0072\t\t0.0010\n",
      "[1 1 1 1 1 0 1 1 1 1 1 1 1 1 1 1 0 0]\t-0.0084\t\t0.0010\n",
      "[1 1 1 0 1 1 1 0 1 1 1 0 1 0 0 1 0 1]\t-0.0049\t\t0.0010\n",
      "[0 1 0 1 0 0 0 0 0 0 0 0 0 0 0 1 1 0]\t-0.0042\t\t0.0010\n",
      "[0 1 1 1 1 1 1 0 0 1 0 1 1 0 1 0 1 0]\t-0.0072\t\t0.0010\n",
      "[0 1 1 0 0 1 1 0 0 0 0 1 0 0 1 1 0 0]\t-0.0038\t\t0.0010\n",
      "[1 0 1 0 1 1 0 1 1 1 1 1 1 1 1 1 1 1]\t-0.0110\t\t0.0010\n",
      "[0 1 0 1 1 0 0 1 0 1 1 1 0 1 1 1 0 1]\t-0.0078\t\t0.0010\n",
